Geelong,Cats,Western Bulldogs,Bulldogs,R2,2.5.17,4.7.31, Full Time
Jan 15,2022,7.10,Kardinia,Fox Footy,20222640204,20222640204,W,,Partly cloudy,28,,
#####

997709,Amy,McDonald,GE,19,73,0,93,55,82,8,13,0,6,0,1,1,0,1, Full Time,news,%O and %T plus %s,,,341600,,309500,,Midfielder,3,0,0,0,0.00,0.00,0.00,304900,,,10,3,6,57,89,203,0
1009860,Rebecca,Webster,GE,8,59,0,72,46,69,9,12,0,2,0,0,0,0,0, Full Time,news,%P and %T,,,341600,,309500,,Midfielder,21,0,0,0,0.00,0.00,0.00,304900,,,10,2,6,57,80,295,0
1007001,Kate,Darby,GE,3,49,0,65,36,45,7,1,3,3,3,2,0,0,0, Full Time,news,%D with %k by foot... also %M and %T,,,341600,,309500,,Midfielder,8,0,0,0,0.00,0.00,0.00,304900,,,7,0,3,50,69,157,0
1008031,Jordan,Ivey,GE,4,48,0,63,35,48,7,4,2,3,0,1,0,0,0, Full Time,news,%P and %M plus %T,,,341600,,309500,,Midfielder,5,0,0,0,0.00,0.00,0.00,304900,,,4,0,2,54,70,181,0
997689,Phoebe,McWilliams,GE,10,47,0,60,38,48,5,3,4,2,0,0,0,1,0, Full Time,news,%D and %M with %T... %s as well,,,341600,,309500,,Midfielder,23,0,0,0,0.00,0.00,0.00,304900,,,5,0,0,75,79,137,0
1014810,Georgie,Prespakis,GE,7,46,0,58,37,55,7,8,1,2,0,0,1,0,1, Full Time,news,%D and %T plus %s,,,341600,,309500,,Midfielder,41,0,0,0,0.00,0.00,0.00,304900,,,11,4,1,66,78,266,0
1015181,Darcy,Moloney,GE,3,46,0,58,34,51,6,8,0,3,0,0,0,0,0, Full Time,news,%O and %T,,,341600,,309500,,Midfielder,4,0,0,0,0.00,0.00,0.00,304900,,,6,2,1,64,61,164,1
1022133,Annabel,Johnson,GE,8,46,0,63,31,42,5,2,2,5,0,1,0,0,0, Full Time,news,%D including %K... also %T and %M,,,341600,,309500,,Midfielder,30,0,0,0,0.00,0.00,0.00,304900,,,5,0,1,71,89,155,0
1022127,Claudia,Gunjaca,GE,4,45,0,56,39,49,6,5,5,0,0,1,0,0,1, Full Time,news,%O and %M plus %s,,,341600,,309500,,Midfielder,26,0,0,0,0.00,0.00,0.00,304900,,,6,1,2,63,65,194,1
1012474,Maddy,McMahon,GE,3,42,0,52,35,45,7,5,3,0,0,2,0,0,0, Full Time,news,%D and %M,,,341600,,309500,,Midfielder,24,0,0,0,0.00,0.00,0.00,304900,,,9,0,0,58,92,156,0
1012560,Chantel,Emonson,GE,3,40,0,54,33,48,9,3,3,1,0,0,2,0,0, Full Time,news,%D with %k by foot... also %M,,,341600,,309500,,Midfielder,16,0,0,0,0.00,0.00,0.00,304900,,,2,0,2,83,81,257,0
1024296,Rachel,Kearns,GE,13,39,0,54,29,40,4,1,1,5,0,1,2,1,1, Full Time,news,%D with %k by foot... also %T... and scored %s,,,341600,,309500,,Midfielder,22,0,0,0,0.00,0.00,0.00,304900,,,4,1,4,60,86,158,1
1009778,Olivia,Fuller,GE,3,33,0,39,30,42,3,7,1,1,6,0,1,0,0, Full Time,news,%P,,,341600,,309500,,Midfielder,13,0,0,0,0.00,0.00,0.00,304900,,,5,1,2,70,85,77,0
997678,Madeline,Keryk,GE,3,32,0,45,25,42,9,3,0,2,0,0,3,0,0, Full Time,news,%D including %K... also %T... not helped by %F,,,341600,,309500,,Midfielder,45,0,0,0,0.00,0.00,0.00,304900,,,3,0,3,83,87,264,1
1014785,Zali,Friswell,GE,2,26,0,34,18,27,2,4,0,3,0,0,0,0,0, Full Time,news,%P and %T,,,341600,,309500,,Midfielder,20,0,0,0,0.00,0.00,0.00,304900,,,4,0,2,66,68,34,0
1014359,Laura,Gardiner,GE,2,24,0,32,18,27,2,4,0,3,0,1,1,0,0, Full Time,news,%P and %T,,,341600,,309500,,Midfielder,18,0,0,0,0.00,0.00,0.00,304900,,,6,0,2,66,55,28,1
1007155,Meghan,McDonald,GE,2,21,0,29,16,24,3,2,1,2,0,0,1,0,0, Full Time,news,%P and %T,,,341600,,309500,,Midfielder,11,0,0,0,0.00,0.00,0.00,304900,,,3,0,2,60,81,78,0
1012480,Danielle,Higgins,GE,2,19,0,25,17,24,2,3,2,1,0,0,1,0,0, Full Time,news,%O and %M,,,341600,,309500,,Midfielder,2,0,0,0,0.00,0.00,0.00,304900,,,2,0,1,80,70,49,0
1015193,Gabbi,Featherston,GE,0,11,0,15,10,15,3,1,1,0,0,0,1,0,0, Full Time,news,%P,,,341600,,309500,,Midfielder,32,0,0,0,0.00,0.00,0.00,304900,,,1,0,3,50,81,112,0
1007342,Chloe,Scheer,GE,0,8,0,10,8,12,2,2,0,0,0,1,1,0,0, Full Time,news,%P,,,341600,,309500,,Midfielder,14,0,0,0,0.00,0.00,0.00,304900,,,3,0,2,75,75,92,0
1009857,Georgia,Clarke,GE,0,5,0,8,4,6,1,0,0,1,0,1,1,0,0, Full Time,,,,,341600,,309500,,Midfielder,17,0,0,0,0.00,0.00,0.00,304900,,,1,0,1,0,59,30,0
1009977,Kerryn,Harrington,WB,20,107,0,78,83,111,16,7,9,5,0,1,1,0,0, Full Time,hot,%O and %M plus %T,,,341600,,309500,,Midfielder,9,0,0,0,0.00,0.00,0.00,304900,,,6,0,1,100,97,391,0
1009885,Madison,Prespakis,WB,15,99,0,61,77,108,16,13,4,3,0,1,0,0,0, Full Time,news,%O and %M plus %T,,,341600,,309500,,Midfielder,4,0,0,0,0.00,0.00,0.00,304900,,,9,4,5,55,79,373,0
997745,Georgia,Gee,WB,20,79,0,64,62,80,9,7,4,4,0,2,0,1,2, Full Time,news,%D and %M with %T... %s as well,,,341600,,309500,,Midfielder,19,0,0,0,0.00,0.00,0.00,304900,,,8,1,2,56,90,140,1
1007023,Breann,Moody,WB,12,77,0,58,64,76,9,3,4,2,22,2,0,0,0, Full Time,news,%O including %K... also %M and %T,,,341600,,309500,,Midfielder,16,0,0,0,0.00,0.00,0.00,304900,,,5,1,1,50,77,254,1
1009865,Lucy,McEvoy,WB,19,72,0,69,56,81,6,12,3,6,0,0,1,0,0, Full Time,news,%D and %M with %T,,,341600,,309500,,Midfielder,13,0,0,0,0.00,0.00,0.00,304900,,,7,2,4,77,65,142,0
1007026,Gabriella,Pound,WB,9,60,0,35,49,69,11,6,4,2,0,1,2,0,0, Full Time,news,%O and %M plus %T,,,341600,,309500,,Midfielder,6,0,0,0,0.00,0.00,0.00,304900,,,4,1,4,88,86,203,0
1013027,Abbie,McKay,WB,13,59,0,55,48,69,5,11,3,4,0,0,1,0,0, Full Time,news,%P and %M plus %T,,,341600,,309500,,Midfielder,5,0,0,0,0.00,0.00,0.00,304900,,,7,6,1,87,72,40,0
998164,Nicola,Stevens,WB,14,58,0,47,44,56,8,0,3,5,0,3,2,1,2, Full Time,news,%O with %b by hand... also %T and %M... and booted %s... helped out by %4FF,,,341600,,309500,,Midfielder,21,0,0,0,0.00,0.00,0.00,304900,,,4,0,3,62,96,220,0
296137,Jessica,Dal Pos,WB,5,57,0,49,45,60,6,7,4,3,0,1,0,0,0, Full Time,news,%O and %M plus %T,,,341600,,309500,,Midfielder,2,0,0,0,0.00,0.00,0.00,304900,,,2,1,0,84,72,134,0
998147,Elise,O'Dea,WB,15,56,0,39,41,57,9,2,2,4,0,0,1,1,0, Full Time,news,%O including %K... also %T and %M... and scored %s,,,341600,,309500,,Midfielder,46,0,0,0,0.00,0.00,0.00,304900,,,5,3,3,54,70,206,0
1009888,Madeline,Guerin,WB,9,52,0,41,37,51,7,4,2,4,0,1,0,0,0, Full Time,news,%O and %M plus %T,,,341600,,309500,,Midfielder,18,0,0,0,0.00,0.00,0.00,304900,,,6,3,2,54,47,195,1
1022236,Jess,Good,WB,5,52,0,47,44,55,4,5,3,2,12,0,0,0,1, Full Time,news,%D and %M with %T... %s as well,,,341600,,309500,,Midfielder,15,0,0,0,0.00,0.00,0.00,304900,,,3,0,1,88,84,102,0
1006996,Lauren,Brazzale,WB,4,43,0,28,32,45,7,4,2,2,0,0,0,0,0, Full Time,news,%D and %M with %T,,,341600,,309500,,Midfielder,12,0,0,0,0.00,0.00,0.00,304900,,,2,1,1,63,66,204,0
1021793,Paige,Trudgeon,WB,4,43,0,33,33,42,6,2,4,2,0,1,0,0,0, Full Time,news,%P with %k by foot... also %M and %T,,,341600,,309500,,Midfielder,26,0,0,0,0.00,0.00,0.00,304900,,,2,0,0,87,100,158,0
1009862,Courtney,Jones,WB,8,41,0,31,34,42,5,3,3,1,0,1,0,1,0, Full Time,news,%O and %M plus %s,,,341600,,309500,,Midfielder,22,0,0,0,0.00,0.00,0.00,304900,,,3,0,3,87,80,89,0
1012595,Vaomua,Laloifi,WB,3,30,0,14,26,36,6,4,2,0,0,1,1,0,0, Full Time,news,%D and %M,,,341600,,309500,,Midfielder,8,0,0,0,0.00,0.00,0.00,304900,,,3,0,1,90,91,72,0
1015105,Daisy,Walker,WB,2,30,0,19,25,36,5,4,2,1,0,0,1,0,0, Full Time,news,%P and %M,,,341600,,309500,,Midfielder,23,0,0,0,0.00,0.00,0.00,304900,,,4,0,3,66,79,185,0
1007025,Natalie,Plane,WB,2,26,0,18,18,27,4,3,0,2,0,0,0,0,0, Full Time,news,%D and %T,,,341600,,309500,,Midfielder,32,0,0,0,0.00,0.00,0.00,304900,,,1,0,4,71,62,124,1
1015195,Annie,Lee,WB,1,23,0,6,17,24,6,1,1,0,0,0,0,0,0, Full Time,news,%P with %k by foot,,,341600,,309500,,Midfielder,11,0,0,0,0.00,0.00,0.00,304900,,,2,0,1,85,47,85,1
997663,Darcy,Vescio,WB,1,23,0,10,18,27,5,3,0,1,0,1,1,0,0, Full Time,news,%P,,,341600,,309500,,Midfielder,3,0,0,0,0.00,0.00,0.00,304900,,,4,0,3,50,96,114,0
1010105,Charlotte,Hammans,WB,1,13,0,9,11,18,2,3,0,1,0,0,1,0,0, Full Time,news,%P,,,341600,,309500,,Midfielder,17,0,0,0,0.00,0.00,0.00,304900,,,2,0,3,20,43,46,0
