Adelaide,Crows,North Melbourne,Kangaroos,R2,5.7.37,3.6.24, Full Time
Jan 16,2022,3.10,Norwood,Fox Footy,20222640206,20222640206,W,,Fine,29,,
#####

1005269,Anne,Hatchard,AD,31,130,0,168,108,136,20,9,14,2,0,4,1,0,1, Full Time,hot,%P and %M plus %T... %s as well... umps paid him %4FF,,,341600,,309500,,Midfielder,33,0,0,0,0.00,0.00,0.00,304900,,,17,1,6,65,94,480,0
1007129,Erin,Phillips,AD,15,94,0,124,74,99,18,5,8,2,0,1,1,0,0, Full Time,news,%P including %K... also %M and %T,,,341600,,309500,,Midfielder,13,0,0,0,0.00,0.00,0.00,304900,,,8,3,8,43,87,420,0
1005264,Ashleigh,Woodland,AD,21,87,0,107,74,87,11,2,7,1,0,1,0,4,0, Full Time,news,%D with %k by foot... also %M... and booted %s,,,341600,,309500,,Midfielder,24,0,0,0,0.00,0.00,0.00,304900,,,3,1,1,84,84,212,0
1005279,Ebony,Marinoff,AD,9,70,0,94,53,72,13,3,5,3,0,1,1,0,0, Full Time,news,%P including %K... also %M and %T,,,341600,,309500,,Midfielder,10,0,0,0,0.00,0.00,0.00,304900,,,4,4,2,62,86,335,0
1005386,Stevie-Lee,Thompson,AD,13,60,0,76,49,66,11,5,3,1,0,1,1,1,0, Full Time,news,%P and %M plus %s,,,341600,,309500,,Midfielder,14,0,0,0,0.00,0.00,0.00,304900,,,7,3,5,62,88,248,0
1005285,Sarah,Allan,AD,8,55,0,70,46,60,9,5,6,0,0,0,0,0,0, Full Time,news,%D and %M,,,341600,,309500,,Midfielder,39,0,0,0,0.00,0.00,0.00,304900,,,4,1,3,71,88,232,0
1007327,Montana,McKinnon,AD,5,52,0,64,44,53,6,3,4,1,11,1,0,0,0, Full Time,news,%P and %M,,,341600,,309500,,Midfielder,21,0,0,0,0.00,0.00,0.00,304900,,,8,2,1,77,63,166,0
1005258,Eloise,Jones,AD,4,48,0,63,42,58,10,4,5,0,0,0,2,0,1, Full Time,news,%O including %K... also %M... and kicked %s,,,341600,,309500,,Midfielder,2,0,0,0,0.00,0.00,0.00,304900,,,3,0,4,71,73,237,0
1024293,Jasmine,Simmons,AD,4,46,0,58,41,53,5,6,5,1,0,1,1,0,2, Full Time,news,%D and %M plus %s,,,341600,,309500,,Midfielder,11,0,0,0,0.00,0.00,0.00,304900,,,8,2,1,63,69,94,1
1011091,Rachelle,Martin,AD,14,43,0,61,33,49,4,4,2,6,0,1,3,0,1, Full Time,news,%O and %M plus %T... %s as well... conceded %F,,,341600,,309500,,Midfielder,5,0,0,0,0.00,0.00,0.00,304900,,,6,1,3,75,75,59,0
1009794,Danielle,Ponter,AD,3,42,0,56,33,42,5,3,3,3,0,3,1,0,0, Full Time,news,%P and %M plus %T... umps paid him %4FF,,,341600,,309500,,Midfielder,15,0,0,0,0.00,0.00,0.00,304900,,,3,1,2,100,72,107,0
1014559,Najwa,Allen,AD,4,42,0,58,32,48,10,2,2,2,0,0,2,0,0, Full Time,news,%O with %k by foot... also %M and %T,,,341600,,309500,,Midfielder,8,0,0,0,0.00,0.00,0.00,304900,,,4,0,2,83,88,150,0
1011057,Teah,Charlton,AD,3,39,0,49,34,48,7,6,3,0,0,0,1,0,0, Full Time,news,%O and %M,,,341600,,309500,,Midfielder,25,0,0,0,0.00,0.00,0.00,304900,,,4,1,2,92,74,157,0
1014599,Caitlin,Gould,AD,4,36,0,45,29,37,1,4,2,3,7,0,0,0,0, Full Time,news,%P with %b by hand... also %T and %M,,,341600,,309500,,Midfielder,1,0,0,0,0.00,0.00,0.00,304900,,,2,1,0,100,68,31,1
998044,Chelsea,Randall,AD,8,35,0,50,26,39,5,2,2,4,0,0,2,0,0, Full Time,news,%P with %k by foot... also %T and %M,,,341600,,309500,,Midfielder,26,0,0,0,0.00,0.00,0.00,304900,,,2,0,6,57,72,125,1
1009783,Nikki,Gore,AD,3,32,0,42,24,33,4,3,2,2,0,0,0,0,0, Full Time,news,%P and %M plus %T,,,341600,,309500,,Midfielder,7,0,0,0,0.00,0.00,0.00,304900,,,0,0,1,42,77,53,1
1011069,Hannah,Munyard,AD,2,27,0,35,23,33,6,3,2,0,0,0,1,0,0, Full Time,news,%O and %M,,,341600,,309500,,Midfielder,20,0,0,0,0.00,0.00,0.00,304900,,,3,0,4,33,56,77,0
1007574,Marijana,Rajcic,AD,1,25,0,33,20,30,7,2,1,0,0,0,1,0,0, Full Time,news,%K among %P,,,341600,,309500,,Midfielder,32,0,0,0,0.00,0.00,0.00,304900,,,4,0,3,66,85,62,0
1005955,Justine,Mules,AD,2,24,0,32,20,27,4,2,2,1,0,1,1,0,0, Full Time,news,%O and %M,,,341600,,309500,,Midfielder,23,0,0,0,0.00,0.00,0.00,304900,,,1,0,1,83,74,74,0
1011092,Hannah,Button,AD,1,20,0,26,14,21,0,4,0,3,0,0,0,0,0, Full Time,news,%D and %T,,,341600,,309500,,Midfielder,6,0,0,0,0.00,0.00,0.00,304900,,,2,0,1,50,59,13,1
1011080,Chelsea,Biddell,AD,1,12,0,15,11,18,3,3,0,0,0,0,1,0,0, Full Time,news,%O,,,341600,,309500,,Midfielder,12,0,0,0,0.00,0.00,0.00,304900,,,3,0,1,83,68,120,0
1010265,Ashleigh,Riddell,NM,20,103,0,62,79,109,18,9,5,4,0,2,1,0,1, Full Time,hot,%P and %M plus %T... %s as well,,,341600,,309500,,Midfielder,7,0,0,0,0.00,0.00,0.00,304900,,,13,6,2,74,87,286,0
998150,Emma,Kearney,NM,20,101,0,67,81,105,16,7,10,2,0,1,0,0,0, Full Time,hot,%P and %M plus %T,,,341600,,309500,,Midfielder,9,0,0,0,0.00,0.00,0.00,304900,,,4,2,2,73,93,423,0
296154,Jasmine,Garner,NM,26,87,0,62,66,91,13,7,2,6,0,3,2,1,1, Full Time,news,%O and %M plus %T... %s as well... aided by %4FF,,,341600,,309500,,Midfielder,25,0,0,0,0.00,0.00,0.00,304900,,,13,5,4,65,93,220,0
1015097,Isabella,Eddey,NM,13,68,0,55,60,78,8,8,9,1,0,0,1,0,0, Full Time,news,%O and %M,,,341600,,309500,,Midfielder,3,0,0,0,0.00,0.00,0.00,304900,,,2,0,2,81,68,196,1
1016971,Ellie,Gavalas,NM,14,67,0,48,49,68,10,4,1,5,0,1,1,1,2, Full Time,news,%P with %k by foot... also %T... and kicked %s,,,341600,,309500,,Midfielder,22,0,0,0,0.00,0.00,0.00,304900,,,5,1,5,50,85,265,0
1021527,Brooke,Brown,NM,12,63,0,33,53,72,12,6,6,0,0,0,1,0,0, Full Time,news,%O and %M,,,341600,,309500,,Midfielder,36,0,0,0,0.00,0.00,0.00,304900,,,5,1,3,61,84,193,0
1018953,Aileen,Gilroy,NM,4,52,0,34,42,57,8,6,4,1,0,0,0,0,0, Full Time,news,%O and %M,,,341600,,309500,,Midfielder,8,0,0,0,0.00,0.00,0.00,304900,,,3,0,2,64,73,136,0
1005864,Jessica,Duffin,NM,3,51,0,23,38,51,11,2,3,1,0,1,0,0,0, Full Time,news,%D including %K... also %M,,,341600,,309500,,Midfielder,27,0,0,0,0.00,0.00,0.00,304900,,,3,0,2,84,75,232,1
997649,Kaitlyn,Ashmore,NM,8,51,0,30,43,54,10,0,7,1,0,2,2,0,0, Full Time,news,%D including %B... also %M,,,341600,,309500,,Midfielder,10,0,0,0,0.00,0.00,0.00,304900,,,2,0,3,70,76,243,0
1003018,Jenna,Bruton,NM,9,50,0,40,39,57,7,5,3,4,0,0,2,0,0, Full Time,news,%O and %M plus %T,,,341600,,309500,,Midfielder,35,0,0,0,0.00,0.00,0.00,304900,,,1,0,4,83,74,136,0
1013025,Daisy,Bateman,NM,4,47,0,36,39,51,6,5,5,1,0,0,0,0,0, Full Time,news,%D and %M,,,341600,,309500,,Midfielder,11,0,0,0,0.00,0.00,0.00,304900,,,2,0,0,72,76,143,0
1013442,Jasmine,Ferguson,NM,4,45,0,36,35,45,6,2,5,2,0,0,0,0,0, Full Time,news,%D including %K... also %M and %T,,,341600,,309500,,Midfielder,20,0,0,0,0.00,0.00,0.00,304900,,,0,0,0,62,100,112,0
1001686,Emma,King,NM,9,44,0,48,32,42,2,3,0,5,12,0,0,0,0, Full Time,news,%P and %T,,,341600,,309500,,Midfielder,60,0,0,0,0.00,0.00,0.00,304900,,,2,1,1,60,83,13,0
1003023,Tahlia,Randall,NM,8,44,0,47,31,42,3,4,2,5,0,1,0,0,0, Full Time,news,%O and %M plus %T,,,341600,,309500,,Midfielder,16,0,0,0,0.00,0.00,0.00,304900,,,4,0,2,71,86,114,0
1009772,Mia,King,NM,7,39,0,39,30,42,3,6,1,4,0,2,1,0,0, Full Time,news,%O and %T,,,341600,,309500,,Midfielder,23,0,0,0,0.00,0.00,0.00,304900,,,6,0,2,77,66,48,1
1010252,Sophie,Abbatangelo,NM,9,38,0,29,29,36,5,1,2,2,0,1,0,1,0, Full Time,news,%O with %k by foot... also %M and %T... and kicked %s,,,341600,,309500,,Midfielder,1,0,0,0,0.00,0.00,0.00,304900,,,4,0,1,66,66,96,0
1021528,Amy,Smith,NM,2,31,0,26,26,33,3,5,2,1,0,2,0,0,0, Full Time,news,%D and %M,,,341600,,309500,,Midfielder,15,0,0,0,0.00,0.00,0.00,304900,,,2,0,0,100,57,66,0
1005361,Daria,Bannister,NM,2,30,0,19,23,30,5,2,2,1,0,1,0,0,0, Full Time,news,%D including %K... also %M,,,341600,,309500,,Midfielder,2,0,0,0,0.00,0.00,0.00,304900,,,4,0,2,57,66,85,1
1009803,Alexia,Hamilton,NM,6,27,0,30,17,22,2,0,1,4,1,1,0,0,0, Full Time,news,%O and %T,,,341600,,309500,,Midfielder,21,0,0,0,0.00,0.00,0.00,304900,,,3,0,1,50,47,12,1
1013120,Nicole,Bresnehan,NM,2,26,0,21,21,27,3,3,2,1,0,1,0,0,0, Full Time,news,%D and %M,,,341600,,309500,,Midfielder,12,0,0,0,0.00,0.00,0.00,304900,,,1,0,0,100,75,11,0
1017029,Grace,Campbell,NM,0,10,0,7,12,19,2,2,1,1,0,1,3,0,1, Full Time,news,%D and %s... gave away %F,,,341600,,309500,,Midfielder,43,0,0,0,0.00,0.00,0.00,304900,,,4,0,4,25,72,51,0
